0 000000
1 000000
2 002100
3 001200
4 000000
5 000000

1 2 1 
0 000000
1 000000
2 011100
3 001200
4 000000
5 000000

1 1 2
0 000000
1 020000
2 012100
3 001200
4 000000
5 000000

4 3 1
0 000000
1 020000
2 012100
3 001110
4 000000
5 000000

4 4 2
0 000000
1 020000
2 012100
3 001210
4 000020
5 000000

2 1 1
0 000000
1 021000
2 011100
3 001210
4 000020
5 000000

4 2 2
0 000000
1 021000
2 011120
3 001220
4 000020
5 000000

3 4 1
0 000000
1 021000
2 011120
3 001120
4 000120
5 000000

1 3 2
0 000000
1 021000
2 021120
3 022220
4 000120
5 000000

2 4 1
0 000000
1 021000
2 021120
3 021220
4 001120
5 000000

1 4 2
0 000000
1 021000
2 021120
3 021220
4 022220
5 000000


4 1 2
0 000000
1 021000
2 021120
3 021220
4 022220
5 000000

3 1 2
0 000000
1 000000
2 002100
3 001200
4 000000
5 000000

